tileswide 13
tileshigh 12
tilewidth 64
tileheight 64

layer 0
3,3,3,3,3,3,3,3,3,3,3,3,3
3,3,0,3,0,3,0,3,0,3,0,3,3
1,1,1,1,1,1,1,1,1,1,1,1,1
1,1,1,1,1,1,1,1,1,1,1,1,1
2,2,2,2,2,2,2,2,2,2,2,2,2
3,3,3,3,3,3,3,3,3,3,3,3,3
2,2,2,2,2,2,2,2,2,2,2,2,2
1,1,1,1,1,1,1,1,1,1,1,1,1
1,1,1,1,1,1,1,1,1,1,1,1,1
3,3,3,3,3,3,3,3,3,3,3,3,3
3,3,3,3,3,3,3,3,3,3,3,3,3
3,3,3,3,3,3,3,3,3,3,3,3,3

layer 1
4,4,4,4,4,4,4,4,4,4,4,4,4,
4,-1,-1,-1,-1,-1,-1,-1,-1,-1,-1,-1,4,
4,-1,-1,-1,-1,-1,-1,-1,-1,-1,-1,-1,4,
4,-1,-1,-1,-1,-1,-1,-1,-1,-1,-1,-1,4,
4,-1,-1,-1,-1,-1,-1,-1,-1,-1,-1,-1,4,
4,-1,-1,-1,-1,-1,-1,-1,-1,-1,-1,-1,4,
4,-1,-1,-1,-1,-1,-1,-1,-1,-1,-1,-1,4,
4,-1,-1,-1,-1,-1,-1,-1,-1,-1,-1,-1,4,
4,-1,-1,-1,-1,-1,-1,-1,-1,-1,-1,-1,4,
4,-1,-1,-1,-1,-1,-1,-1,-1,-1,-1,-1,4,
4,-1,-1,-1,-1,-1,-1,-1,-1,-1,-1,-1,4,
4,4,4,4,4,4,4,4,4,4,4,4,4,

